1 25544U 98067A 17105.87060019 .00003156 00000-0 54969-4 0 9997 
2 25544 51.6434 348.9165 0006992 60.4905 51.3661 15.54103949 52067 

1 26619U 00075A   17111.67947533  .00000840  00000-0  16733-3 0  9996
2 26619  97.8397 143.5394 0008529 285.0815  74.9399 14.64376714875263

1 27509U 02040B   17111.93370946  .00000136  00000-0  00000-0 0  9991
2 27509   4.7447  58.5438 0000844 164.9477   4.3783  1.00281083 53734

1 25590U 98076A   17111.70709955  .00000046  00000-0  32887-4 0  9996
2 25590  82.9339 157.7326 0032539  43.7054  95.6061 13.72931187917920

